(10.0, 12.6) 54.59072
(12.0, 12.2) 209.4076
(12.0, 12.2) 209.4076
(12.0, 12.2) 209.4076
(12.0, 12.2) 209.4076
(12.0, 12.2) 209.4076
(12.0, 12.2) 209.4076
(12.0, 12.2) 209.4076
(12.0, 12.2) 209.4076
(12.0, 12.2) 209.4076
(12.0, 12.2) 209.4076
(12.0, 12.2) 209.4076
(12.0, 12.2) 209.4076
(12.0, 12.2) 209.4076
(12.0, 12.2) 209.4076
(12.0, 12.2) 209.4076
(12.0, 12.2) 209.4076
(12.0, 12.2) 209.4076
(12.0, 12.2) 209.4076
(12.0, 12.2) 209.4076
(12.0, 12.2) 209.4076
(12.0, 12.2) 209.4076
(11.6, 12.4) 209.4076
(11.6, 12.4) 209.4076
(12.0, 12.2) 209.4076
(12.0, 12.2) 209.4076
(12.0, 12.2) 209.4076
(12.0, 12.2) 209.4076
(12.0, 12.2) 209.4076
(12.0, 12.2) 209.4076